3
0.999259 -0.010737 0.036959 0.000000
-0.015770 -0.990209 0.138698 0.000000
0.035108 -0.139178 -0.989645 0.000000
0.144158 0.035342 1.248560 1.000000
0.999132 -0.005433 0.041310 0.000000
-0.010566 -0.992089 0.125089 0.000000
0.040304 -0.125416 -0.991285 0.000000
0.142091 0.024112 1.252551 1.000000
0.014918 0.990287 -0.138237 0.000000
-0.998488 0.007438 -0.054470 0.000000
-0.052913 0.138840 0.988900 0.000000
0.151371 0.053628 1.251245 1.000000
17903.451318
