3
-0.314911 0.008029 -0.949087 0.000000
-0.178684 -0.982585 0.050976 0.000000
-0.932150 0.185640 0.310861 0.000000
-1.895792 0.190613 4.016493 1.000000
-0.309367 0.011658 -0.950871 0.000000
-0.193119 -0.979858 0.050818 0.000000
-0.931127 0.199353 0.305387 0.000000
-1.895026 0.178640 4.018030 1.000000
0.179410 0.982486 -0.050338 0.000000
0.298106 -0.005532 0.954517 0.000000
0.937521 -0.186256 -0.293877 0.000000
-1.890229 0.207289 4.007296 1.000000
17993.884740
