3
0.999351 -0.016378 0.032089 0.000000
-0.020664 -0.990197 0.138138 0.000000
0.029512 -0.138711 -0.989893 0.000000
0.140001 0.033512 1.246933 1.000000
0.999274 -0.011076 0.036444 0.000000
-0.015537 -0.992098 0.124502 0.000000
0.034777 -0.124978 -0.991550 0.000000
0.137891 0.022291 1.250926 1.000000
0.019815 0.990280 -0.137673 0.000000
-0.998683 0.013087 -0.049606 0.000000
-0.047322 0.138474 0.989235 0.000000
0.147330 0.051755 1.249594 1.000000
17903.852784
