3
0.999899 0.011788 0.007908 0.000000
0.007895 -0.924823 0.380316 0.000000
0.011797 -0.380215 -0.924823 0.000000
0.118792 -0.056602 0.500025 1.000000
0.999779 0.018005 0.010810 0.000000
0.012775 -0.929957 0.367446 0.000000
0.016669 -0.367226 -0.929982 0.000000
0.117059 -0.066514 0.506737 1.000000
-0.008735 0.925002 -0.379863 0.000000
-0.999524 -0.019324 -0.024070 0.000000
-0.029605 0.379471 0.924730 0.000000
0.125703 -0.038130 0.497870 1.000000
17907.399209
