3
-0.743450 0.008938 -0.668731 0.000000
-0.093616 -0.991457 0.090825 0.000000
-0.662207 0.130128 0.737936 0.000000
-2.021842 0.166480 3.393488 1.000000
-0.739654 0.012888 -0.672863 0.000000
-0.106325 -0.989497 0.097927 0.000000
-0.664535 0.143975 0.733256 0.000000
-2.019974 0.154538 3.393939 1.000000
0.094565 0.991384 -0.090633 0.000000
0.731457 -0.007436 0.681847 0.000000
0.675299 -0.130774 -0.725858 0.000000
-2.022181 0.183595 3.383460 1.000000
17990.338313
