3
0.999457 -0.014391 0.029652 0.000000
-0.018553 -0.989219 0.145263 0.000000
0.027242 -0.145734 -0.988949 0.000000
0.140068 0.031548 1.239060 1.000000
0.999382 -0.009058 0.033969 0.000000
-0.013457 -0.991208 0.131628 0.000000
0.032478 -0.132004 -0.990717 0.000000
0.137988 0.020353 1.243139 1.000000
0.017705 0.989303 -0.144796 0.000000
-0.998828 0.010975 -0.047146 0.000000
-0.045053 0.145461 0.988338 0.000000
0.147371 0.049823 1.241572 1.000000
17904.220812
