3
0.636344 -0.044978 -0.770093 0.000000
-0.376541 -0.889401 -0.259198 0.000000
-0.673263 0.454911 -0.582900 0.000000
-0.954702 -0.638646 0.646732 1.000000
0.641478 -0.043141 -0.765928 0.000000
-0.382866 -0.883188 -0.270912 0.000000
-0.664771 0.467031 -0.583062 0.000000
-0.958598 -0.650095 0.646515 1.000000
0.376345 0.889212 0.260130 0.000000
-0.648548 0.052341 0.759372 0.000000
0.661627 -0.454492 0.596395 0.000000
-0.940125 -0.625343 0.648767 1.000000
18036.709284
