3
0.958186 -0.051498 0.281474 0.000000
0.080104 -0.896067 -0.436632 0.000000
0.274705 0.440922 -0.854473 0.000000
-0.845979 -0.598165 0.516395 1.000000
0.956404 -0.049559 0.287810 0.000000
0.088437 -0.890079 -0.447145 0.000000
0.278334 0.453105 -0.846892 0.000000
-0.847439 -0.609647 0.512879 1.000000
-0.081041 0.895890 0.436822 0.000000
-0.953073 0.058605 -0.297013 0.000000
-0.291691 -0.440393 0.849100 0.000000
-0.841955 -0.584720 0.530418 1.000000
18043.634804
