3
0.117551 0.026602 -0.992710 0.000000
-0.101830 -0.994049 -0.038696 0.000000
-0.987832 0.105637 -0.114143 0.000000
-1.245679 0.156229 1.723075 1.000000
0.123009 0.030687 -0.991931 0.000000
-0.115008 -0.992347 -0.044962 0.000000
-0.985719 0.119611 -0.118539 0.000000
-1.244652 0.144285 1.724687 1.000000
0.102223 0.993974 0.039581 0.000000
-0.135216 -0.025536 0.990487 0.000000
0.985529 -0.106602 0.131791 0.000000
-1.238137 0.173638 1.717272 1.000000
17949.286973
