3
0.999725 0.010645 0.020888 0.000000
0.019290 -0.879829 -0.474899 0.000000
0.013323 0.475171 -0.879793 0.000000
-0.895026 -0.596733 0.560865 1.000000
0.999543 0.012328 0.027586 0.000000
0.024205 -0.873165 -0.486823 0.000000
0.018086 0.487269 -0.873065 0.000000
-0.896539 -0.607467 0.555903 1.000000
-0.020146 0.879673 0.475152 0.000000
-0.999311 -0.002899 -0.037003 0.000000
-0.031173 -0.475570 0.879126 0.000000
-0.888238 -0.582549 0.572310 1.000000
18040.924823
