3
-0.760787 0.038481 -0.647860 0.000000
-0.212711 -0.957886 0.192892 0.000000
-0.613153 0.284557 0.736933 0.000000
-0.747445 -0.712057 1.034024 1.000000
-0.756685 0.041495 -0.652461 0.000000
-0.224807 -0.953643 0.200068 0.000000
-0.613913 0.298067 0.730936 0.000000
-0.747060 -0.724039 1.035634 1.000000
0.213651 0.957712 -0.192718 0.000000
0.749566 -0.034196 0.661045 0.000000
0.626501 -0.285688 -0.725175 0.000000
-0.746024 -0.696095 1.022327 1.000000
18053.671810
