3
0.144683 0.024742 -0.989169 0.000000
0.358434 -0.933102 0.029088 0.000000
-0.922275 -0.358761 -0.143872 0.000000
-1.604880 -0.007766 2.611670 1.000000
0.147671 0.030889 -0.988554 0.000000
0.346247 -0.937876 0.022417 0.000000
-0.926448 -0.345594 -0.149192 0.000000
-1.598676 -0.017852 2.614141 1.000000
-0.358097 0.933259 -0.028191 0.000000
-0.160796 -0.031900 0.986472 0.000000
0.919734 0.357785 0.161487 0.000000
-1.605684 0.010839 2.604829 1.000000
17954.874243
