3
0.277545 -0.024843 -0.960391 0.000000
-0.477638 -0.870931 -0.115504 0.000000
-0.833565 0.490777 -0.253589 0.000000
-0.961472 -0.634854 0.715531 1.000000
0.283967 -0.023274 -0.958552 0.000000
-0.487874 -0.864126 -0.123550 0.000000
-0.825434 0.502736 -0.256738 0.000000
-0.965512 -0.646211 0.716528 1.000000
0.477820 0.870708 0.116432 0.000000
-0.292747 0.032864 0.955625 0.000000
0.828244 -0.490702 0.270600 0.000000
-0.946848 -0.621915 0.712018 1.000000
18034.936071
