3
0.743133 -0.052144 -0.667109 0.000000
-0.071820 -0.997416 -0.002042 0.000000
-0.665278 0.049429 -0.744957 0.000000
-2.046951 0.128908 0.856999 1.000000
0.746808 -0.047758 -0.663323 0.000000
-0.077563 -0.996866 -0.015553 0.000000
-0.660501 0.063064 -0.748172 0.000000
-2.047491 0.117205 0.860006 1.000000
0.071530 0.997434 0.002969 0.000000
-0.754927 0.052193 0.653729 0.000000
0.651896 -0.049003 0.756723 0.000000
-2.037093 0.146095 0.855979 1.000000
18008.839878
