3
0.096504 0.041481 -0.994468 0.000000
0.571080 -0.820621 0.021189 0.000000
-0.815202 -0.569966 -0.102882 0.000000
-1.596115 -0.101872 2.709840 1.000000
0.097964 0.048171 -0.994024 0.000000
0.560132 -0.828266 0.015064 0.000000
-0.822590 -0.558261 -0.108122 0.000000
-1.587599 -0.110151 2.712128 1.000000
-0.570755 0.820869 -0.020308 0.000000
-0.110541 -0.052306 0.992494 0.000000
0.813645 0.568716 0.120594 0.000000
-1.601588 -0.084109 2.702899 1.000000
17956.580528
