3
-0.756066 0.034446 -0.653588 0.000000
-0.215531 -0.956017 0.198941 0.000000
-0.617989 0.291281 0.730236 0.000000
-0.754675 -0.706914 1.035606 1.000000
-0.751927 0.037417 -0.658184 0.000000
-0.227672 -0.951699 0.205996 0.000000
-0.618685 0.304744 0.724127 0.000000
-0.754320 -0.718884 1.037313 1.000000
0.216469 0.955843 -0.198758 0.000000
0.744758 -0.030040 0.666658 0.000000
0.631250 -0.292338 -0.718374 0.000000
-0.753146 -0.691047 1.023794 1.000000
18052.801936
