3
-0.525149 0.051889 -0.849427 0.000000
0.331342 -0.906908 -0.260249 0.000000
-0.783856 -0.418121 0.459069 0.000000
-1.370298 -0.042906 3.024842 1.000000
-0.522719 0.058213 -0.850515 0.000000
0.317924 -0.912383 -0.257841 0.000000
-0.791005 -0.405178 0.458412 0.000000
-1.363548 -0.052587 3.022193 1.000000
-0.330514 0.907072 0.260730 0.000000
0.511374 -0.060079 0.857256 0.000000
0.793257 0.416666 -0.443996 0.000000
-1.376067 -0.024281 3.021175 1.000000
17960.996803
