3
0.122893 0.042409 -0.991513 0.000000
0.432621 -0.901450 0.015064 0.000000
-0.893161 -0.430801 -0.129129 0.000000
-0.615795 -0.011798 0.112786 1.000000
0.125389 0.048772 -0.990908 0.000000
0.420728 -0.907146 0.008589 0.000000
-0.898479 -0.417980 -0.134266 0.000000
-0.608755 -0.021367 0.115061 1.000000
-0.432280 0.901628 -0.014173 0.000000
-0.138429 -0.050822 0.989067 0.000000
0.891051 0.429516 0.146781 0.000000
-0.618222 0.006725 0.106106 1.000000
17941.056619
