3
0.757601 0.024565 -0.652256 0.000000
-0.046591 -0.994707 -0.091578 0.000000
-0.651053 0.099769 -0.752446 0.000000
-0.931351 0.156064 -0.026559 1.000000
0.761086 0.028683 -0.648016 0.000000
-0.052071 -0.993096 -0.105113 0.000000
-0.646557 0.113743 -0.754338 0.000000
-0.931657 0.144130 -0.024609 1.000000
0.046283 0.994637 0.092497 0.000000
-0.769118 -0.023605 0.638671 0.000000
0.637429 -0.100700 0.763901 0.000000
-0.921911 0.173498 -0.025839 1.000000
17931.320720
