3
-0.085003 0.072250 -0.993758 0.000000
0.472647 -0.875087 -0.104051 0.000000
-0.877142 -0.478542 0.040237 0.000000
-1.476940 -0.037926 4.579144 1.000000
-0.082769 0.078731 -0.993454 0.000000
0.459992 -0.881310 -0.108167 0.000000
-0.884057 -0.465934 0.036730 0.000000
-1.469097 -0.047123 4.579613 1.000000
-0.472140 0.875264 0.104860 0.000000
0.069752 -0.081486 0.994231 0.000000
0.878759 0.476731 -0.022579 0.000000
-1.481639 -0.019425 4.573736 1.000000
17967.052457
