3
-0.256560 0.034423 -0.965915 0.000000
-0.068182 -0.997520 -0.017440 0.000000
-0.964120 0.061384 0.258271 0.000000
0.249846 0.157614 0.886293 1.000000
-0.251370 0.038748 -0.967115 0.000000
-0.082798 -0.996396 -0.018401 0.000000
-0.964343 0.075450 0.253672 0.000000
0.251880 0.145724 0.887190 1.000000
0.068875 0.997461 0.018117 0.000000
0.239286 -0.034148 0.970348 0.000000
0.968503 -0.062498 -0.241030 0.000000
0.254010 0.175359 0.878458 1.000000
18017.873172
