3
0.250559 0.006976 -0.968076 0.000000
-0.314956 -0.944987 -0.088327 0.000000
-0.915436 0.327033 -0.234578 0.000000
-1.016022 -0.640582 0.812340 1.000000
0.256638 0.009717 -0.966459 0.000000
-0.326476 -0.940303 -0.096148 0.000000
-0.909698 0.340201 -0.238146 0.000000
-1.017908 -0.652461 0.813623 1.000000
0.315202 0.944819 0.089252 0.000000
-0.267089 -0.001929 0.963670 0.000000
0.910665 -0.327588 0.251742 0.000000
-1.004089 -0.625284 0.808194 1.000000
18048.318742
