3
-0.868490 0.030228 -0.494785 0.000000
0.157404 -0.929666 -0.333085 0.000000
-0.470053 -0.367162 0.802647 0.000000
-2.089627 0.007027 3.424530 1.000000
-0.866816 0.036428 -0.497295 0.000000
0.146759 -0.934512 -0.324266 0.000000
-0.476541 -0.354061 0.804705 0.000000
-2.085854 -0.003508 3.420074 1.000000
-0.156454 0.929803 0.333148 0.000000
0.860096 -0.037560 0.508748 0.000000
0.485549 0.366135 -0.793843 0.000000
-2.097072 0.025151 3.423514 1.000000
17982.944379
