3
0.055203 0.015526 -0.998354 0.000000
-0.100176 -0.994748 -0.021009 0.000000
-0.993437 0.101171 -0.053358 0.000000
-1.437112 0.148353 2.175890 1.000000
0.060683 0.019637 -0.997964 0.000000
-0.113726 -0.993160 -0.026458 0.000000
-0.991657 0.115100 -0.058035 0.000000
-1.435941 0.136432 2.177569 1.000000
0.100624 0.994684 0.021869 0.000000
-0.072977 -0.014542 0.997228 0.000000
0.992245 -0.101941 0.071125 0.000000
-1.430015 0.165718 2.169430 1.000000
17952.130779
