3
0.995290 0.011063 -0.096312 0.000000
0.045131 -0.932124 0.359317 0.000000
-0.085800 -0.361971 -0.928232 0.000000
0.065786 -0.050770 0.593220 1.000000
0.995490 0.017221 -0.093293 0.000000
0.048627 -0.937007 0.345910 0.000000
-0.081459 -0.348886 -0.933618 0.000000
0.064737 -0.060811 0.599882 1.000000
-0.045919 0.932294 -0.358775 0.000000
-0.996623 -0.018279 0.080056 0.000000
0.068077 0.361239 0.929985 0.000000
0.072483 -0.032263 0.590716 1.000000
17908.704011
