3
0.119503 0.042295 -0.991933 0.000000
0.293763 -0.955863 -0.005366 0.000000
-0.948379 -0.290752 -0.126653 0.000000
-0.993220 0.037433 1.278819 1.000000
0.122924 0.048204 -0.991245 0.000000
0.281100 -0.959606 -0.011806 0.000000
-0.951773 -0.277188 -0.131508 0.000000
-0.987664 0.026882 1.280850 1.000000
-0.293391 0.955972 0.006256 0.000000
-0.136138 -0.048257 0.989514 0.000000
0.946249 0.289463 0.144303 0.000000
-0.992920 0.056233 1.272488 1.000000
17945.305623
