3
0.152574 0.039484 -0.987503 0.000000
0.565554 -0.822910 0.054478 0.000000
-0.810475 -0.566798 -0.147885 0.000000
-2.064796 -0.060574 4.946000 1.000000
0.154035 0.046169 -0.986986 0.000000
0.554936 -0.830521 0.047756 0.000000
-0.817508 -0.555071 -0.153550 0.000000
-2.056456 -0.068884 4.948775 1.000000
-0.565278 0.823159 -0.053580 0.000000
-0.166523 -0.050256 0.984756 0.000000
0.807918 0.565583 0.165483 0.000000
-2.069794 -0.042801 4.938737 1.000000
17970.632344
