3
-0.125109 -0.010680 -0.992086 0.000000
-0.472724 -0.878500 0.069071 0.000000
-0.872284 0.477624 0.104859 0.000000
-0.944420 -0.639435 0.755029 1.000000
-0.118505 -0.009009 -0.992913 0.000000
-0.485398 -0.871810 0.065843 0.000000
-0.866224 0.489761 0.098941 0.000000
-0.947583 -0.650874 0.757363 1.000000
0.473261 0.878271 -0.068295 0.000000
0.109158 0.018463 0.993853 0.000000
0.874133 -0.477807 -0.087132 0.000000
-0.932555 -0.626195 0.746223 1.000000
18033.062508
