3
-0.740527 0.018666 -0.671767 0.000000
0.205696 -0.945342 -0.253018 0.000000
-0.639773 -0.325546 0.696212 0.000000
-2.054635 0.009857 1.120397 1.000000
-0.738235 0.024702 -0.674091 0.000000
0.193280 -0.949681 -0.246473 0.000000
-0.646260 -0.312243 0.696314 0.000000
-2.049323 -0.000443 1.116930 1.000000
-0.204760 0.945488 0.253232 0.000000
0.729181 -0.025244 0.683856 0.000000
0.652969 0.324678 -0.684262 0.000000
-2.060406 0.028473 1.116690 1.000000
18023.694632
