3
0.472814 0.005215 -0.881147 0.000000
-0.057324 -0.997682 -0.036665 0.000000
-0.879295 0.067847 -0.471420 0.000000
-0.815491 0.142627 0.260891 1.000000
0.477509 0.009509 -0.878575 0.000000
-0.067321 -0.996606 -0.047376 0.000000
-0.876044 0.081769 -0.475248 0.000000
-0.814849 0.130772 0.263205 1.000000
0.057367 0.997644 0.037634 0.000000
-0.488452 -0.004830 0.872577 0.000000
0.870703 -0.068439 0.487024 0.000000
-0.806754 0.160136 0.257613 1.000000
17934.666390
