3
-0.595532 0.019756 -0.803088 0.000000
-0.283157 -0.940699 0.186835 0.000000
-0.751773 0.338667 0.565811 0.000000
-0.874545 -0.671088 0.990263 1.000000
-0.590407 0.022417 -0.806794 0.000000
-0.296395 -0.935793 0.190898 0.000000
-0.750713 0.351837 0.559143 0.000000
-0.874940 -0.682968 0.992502 1.000000
0.284028 0.940514 -0.186445 0.000000
0.581810 -0.014496 0.813196 0.000000
0.762119 -0.339446 -0.551318 0.000000
-0.870005 -0.655833 0.978418 1.000000
18051.129114
