3
0.879449 0.046639 -0.473702 0.000000
0.263174 -0.876885 0.402260 0.000000
-0.396621 -0.478433 -0.783450 0.000000
-1.711998 -0.051583 0.151258 1.000000
0.880208 0.053128 -0.471605 0.000000
0.261776 -0.883226 0.389082 0.000000
-0.395862 -0.465928 -0.791331 0.000000
-1.709523 -0.060755 0.158745 1.000000
-0.263711 0.877083 -0.401475 0.000000
-0.886159 -0.055879 0.460000 0.000000
0.381024 0.477077 0.791971 0.000000
-1.708479 -0.033233 0.144588 1.000000
17924.294818
