3
0.109103 0.032746 -0.993491 0.000000
0.247763 -0.968809 -0.004723 0.000000
-0.962658 -0.245635 -0.113813 0.000000
-1.934754 0.053071 4.950410 1.000000
0.112809 0.038487 -0.992871 0.000000
0.234857 -0.971968 -0.010992 0.000000
-0.965462 -0.231943 -0.118686 0.000000
-1.929682 0.042275 4.952420 1.000000
-0.247375 0.968904 0.005609 0.000000
-0.126032 -0.037916 0.991301 0.000000
0.960688 0.244516 0.131492 0.000000
-1.933636 0.071811 4.943993 1.000000
17973.476141
