3
-0.830329 0.005919 -0.557242 0.000000
-0.008478 -0.999962 0.002011 0.000000
-0.557209 0.006395 0.830348 0.000000
-2.071661 0.137425 3.405830 1.000000
-0.827457 0.010534 -0.561430 0.000000
-0.020146 -0.999737 0.010935 0.000000
-0.561168 0.020359 0.827452 0.000000
-2.068898 0.125693 3.404812 1.000000
0.009448 0.999953 -0.001959 0.000000
0.820263 -0.006630 0.571949 0.000000
0.571909 -0.007011 -0.820287 0.000000
-2.074656 0.155283 3.397722 1.000000
17988.866227
