3
-0.746954 0.029256 -0.664231 0.000000
0.203431 -0.941063 -0.270215 0.000000
-0.632989 -0.336964 0.696979 0.000000
-2.046147 0.014449 1.129285 1.000000
-0.744686 0.035329 -0.666479 0.000000
0.191080 -0.945511 -0.263622 0.000000
-0.639477 -0.323666 0.697359 0.000000
-2.040866 0.004210 1.125601 1.000000
-0.202493 0.941206 0.270423 0.000000
0.735726 -0.036031 0.676320 0.000000
0.646300 0.335907 -0.685173 0.000000
-2.051956 0.033122 1.125935 1.000000
18022.557096
