3
0.599869 -0.041545 -0.799019 0.000000
-0.255727 -0.956223 -0.142270 0.000000
-0.758129 0.289674 -0.584233 0.000000
-2.479420 0.198904 4.310505 1.000000
0.604871 -0.038563 -0.795389 0.000000
-0.263417 -0.952286 -0.154152 0.000000
-0.751493 0.302762 -0.586169 0.000000
-2.481627 0.187073 4.311712 1.000000
0.255603 0.956113 0.143228 0.000000
-0.613492 0.045910 0.788365 0.000000
0.747191 -0.289378 0.598303 0.000000
-2.466838 0.214242 4.310254 1.000000
17996.929284
