3
0.992007 0.041911 -0.119019 0.000000
0.095460 -0.866105 0.490662 0.000000
-0.082518 -0.498102 -0.863183 0.000000
-1.575464 -0.062049 0.146154 1.000000
0.991957 0.048450 -0.116938 0.000000
0.098981 -0.872744 0.478039 0.000000
-0.078896 -0.485769 -0.870520 0.000000
-1.575926 -0.071038 0.154234 1.000000
-0.096247 0.866317 -0.490134 0.000000
-0.993241 -0.051494 0.104026 0.000000
0.064881 0.496833 0.865418 0.000000
-1.569706 -0.043828 0.140822 1.000000
17921.049521
