3
0.856462 -0.060310 -0.512674 0.000000
-0.202251 -0.952954 -0.225772 0.000000
-0.474939 0.297054 -0.828367 0.000000
-2.551942 0.205702 3.955602 1.000000
0.859780 -0.057380 -0.507431 0.000000
-0.204797 -0.949003 -0.239691 0.000000
-0.467800 0.310001 -0.827685 0.000000
-2.554681 0.193925 3.955918 1.000000
0.201772 0.952856 0.226612 0.000000
-0.864955 0.064806 0.497648 0.000000
0.459501 -0.296420 0.837254 0.000000
-2.539892 0.220812 3.960086 1.000000
17998.903224
