3
0.954032 -0.042402 0.296691 0.000000
0.094054 -0.897573 -0.430717 0.000000
0.284565 0.438822 -0.852325 0.000000
-0.840403 -0.594319 0.515388 1.000000
0.952136 -0.040445 0.302988 0.000000
0.102503 -0.891571 -0.441129 0.000000
0.287977 0.451072 -0.844751 0.000000
-0.841716 -0.605829 0.511909 1.000000
-0.094992 0.897390 0.430892 0.000000
-0.948733 0.049472 -0.312184 0.000000
-0.301468 -0.438457 0.846683 0.000000
-0.836706 -0.580772 0.529403 1.000000
18043.032587
