3
-0.898982 0.022101 -0.437428 0.000000
0.012844 -0.996966 -0.076768 0.000000
-0.437798 -0.074631 0.895971 0.000000
-2.037029 0.119137 3.436738 1.000000
-0.896810 0.027110 -0.441585 0.000000
0.002511 -0.997793 -0.066358 0.000000
-0.442409 -0.060619 0.894762 0.000000
-2.034187 0.107611 3.434422 1.000000
-0.011876 0.996984 0.076688 0.000000
0.891049 -0.024250 0.453258 0.000000
0.453751 0.073715 -0.888074 0.000000
-2.041484 0.137458 3.430564 1.000000
17987.327223
