3
-0.758101 0.041156 -0.650837 0.000000
-0.217192 -0.956965 0.192474 0.000000
-0.614906 0.287271 0.734415 0.000000
-0.750098 -0.710196 1.035060 1.000000
-0.753970 0.044152 -0.655424 0.000000
-0.229300 -0.952671 0.199601 0.000000
-0.615590 0.300781 0.728409 0.000000
-0.749766 -0.722178 1.036677 1.000000
0.218131 0.956787 -0.192295 0.000000
0.746846 -0.036822 0.663977 0.000000
0.628204 -0.288449 -0.722605 0.000000
-0.748569 -0.694244 1.023362 1.000000
18053.236873
