3
0.951631 0.046787 -0.303659 0.000000
0.195701 -0.854210 0.481691 0.000000
-0.236851 -0.517819 -0.822049 0.000000
-1.652769 -0.059443 0.125960 1.000000
0.951895 0.053370 -0.301740 0.000000
0.196874 -0.861101 0.468770 0.000000
-0.234810 -0.505625 -0.830185 0.000000
-1.651606 -0.068253 0.134166 1.000000
-0.196378 0.854428 -0.481029 0.000000
-0.955538 -0.056710 0.289362 0.000000
0.219960 0.516466 0.827575 0.000000
-1.648323 -0.041302 0.119271 1.000000
17922.621984
