3
0.491089 0.007600 -0.871076 0.000000
-0.063624 -0.996978 -0.044568 0.000000
-0.868783 0.077308 -0.489122 0.000000
-0.810564 0.142469 0.260846 1.000000
0.495760 0.011842 -0.868379 0.000000
-0.073388 -0.995759 -0.055476 0.000000
-0.865353 0.091231 -0.492788 0.000000
-0.810055 0.130594 0.263092 1.000000
0.063646 0.996933 0.045538 0.000000
-0.506542 -0.007044 0.862186 0.000000
0.859863 -0.077941 0.504540 0.000000
-0.801637 0.159935 0.257868 1.000000
17934.164540
