3
0.240644 0.015020 -0.970497 0.000000
0.114726 -0.993311 0.013074 0.000000
-0.963809 -0.114488 -0.240757 0.000000
-0.944718 0.099529 0.155372 1.000000
0.244971 0.020214 -0.969320 0.000000
0.102440 -0.994726 0.005146 0.000000
-0.964103 -0.100558 -0.245750 0.000000
-0.941437 0.088156 0.157861 1.000000
-0.114448 0.993355 -0.012145 0.000000
-0.257682 -0.017877 0.966064 0.000000
0.959428 0.113694 0.258016 0.000000
-0.940284 0.117931 0.149429 1.000000
17937.041826
