3
0.223679 0.022186 -0.974410 0.000000
0.336377 -0.940072 0.055812 0.000000
-0.914778 -0.340253 -0.217737 0.000000
-0.812017 0.016315 0.164917 1.000000
0.226729 0.028272 -0.973547 0.000000
0.324669 -0.944600 0.048181 0.000000
-0.918251 -0.327005 -0.223347 0.000000
-0.806232 0.006108 0.167857 1.000000
-0.336109 0.940222 -0.054891 0.000000
-0.239663 -0.029020 0.970422 0.000000
0.910820 0.339323 0.235091 0.000000
-0.811903 0.034936 0.158070 1.000000
17938.948841
