3
0.086243 0.000432 -0.996274 0.000000
0.051617 -0.998659 0.004035 0.000000
-0.994936 -0.051773 -0.086150 0.000000
-1.580218 0.109272 4.863900 1.000000
0.091024 0.005335 -0.995834 0.000000
0.038176 -0.999269 -0.001863 0.000000
-0.995117 -0.037848 -0.091161 0.000000
-1.577322 0.097708 4.865950 1.000000
-0.051195 0.998684 -0.003161 0.000000
-0.103913 -0.002179 0.994584 0.000000
0.993268 0.051246 0.103888 0.000000
-1.575602 0.127356 4.857170 1.000000
17975.583913
