3
-0.288361 0.033246 -0.956944 0.000000
-0.095394 -0.995422 -0.005837 0.000000
-0.952758 0.089604 0.290213 0.000000
0.639336 0.151123 0.974518 1.000000
-0.283101 0.037419 -0.958360 0.000000
-0.109999 -0.993912 -0.006313 0.000000
-0.952761 0.103632 0.285493 0.000000
0.641080 0.139191 0.975455 1.000000
0.096108 0.995350 0.006492 0.000000
0.271262 -0.032466 0.961958 0.000000
0.957695 -0.090691 -0.273121 0.000000
0.643703 0.168683 0.966381 1.000000
18015.665031
