3
0.984459 0.010097 -0.175325 0.000000
-0.014437 -0.990313 -0.138098 0.000000
-0.175021 0.138483 -0.974777 0.000000
0.064123 0.119384 0.629277 1.000000
0.985386 0.014000 -0.169757 0.000000
-0.012227 -0.988232 -0.152471 0.000000
-0.169894 0.152319 -0.973620 0.000000
0.062616 0.107432 0.630373 1.000000
0.013702 0.990236 0.138728 0.000000
-0.987432 -0.008446 0.157816 0.000000
0.157447 -0.139147 0.977675 0.000000
0.072247 0.136446 0.635320 1.000000
17912.785718
