3
-0.903157 0.037245 -0.427693 0.000000
0.100510 -0.950198 -0.294994 0.000000
-0.417380 -0.309413 0.854434 0.000000
-2.064361 0.029115 3.430596 1.000000
-0.901495 0.043222 -0.430626 0.000000
0.090433 -0.954225 -0.285092 0.000000
-0.423236 -0.295952 0.856320 0.000000
-2.060535 0.018686 3.425810 1.000000
-0.099549 0.950320 0.294926 0.000000
0.895660 -0.043536 0.442604 0.000000
0.433456 0.308214 -0.846830 0.000000
-2.070511 0.047870 3.428592 1.000000
17984.081918
