3
-0.410731 0.063827 -0.909520 0.000000
0.535525 -0.790455 -0.297310 0.000000
-0.737911 -0.609185 0.290483 0.000000
-1.817482 -0.126298 3.094234 1.000000
-0.409484 0.070575 -0.909583 0.000000
0.523264 -0.798544 -0.297527 0.000000
-0.747340 -0.597785 0.290062 0.000000
-1.808660 -0.134167 3.091673 1.000000
-0.534816 0.790704 0.297925 0.000000
0.397961 -0.075323 0.914305 0.000000
0.745385 0.607547 -0.274385 0.000000
-1.826309 -0.108721 3.091635 1.000000
17958.822123
