3
0.991247 0.005866 -0.131890 0.000000
-0.008389 -0.994195 -0.107265 0.000000
-0.131753 0.107432 -0.985444 0.000000
0.022199 0.115984 0.727850 1.000000
0.991925 0.009967 -0.126435 0.000000
-0.005542 -0.992549 -0.121720 0.000000
-0.126706 0.121438 -0.984479 0.000000
0.020997 0.103950 0.730696 1.000000
0.007623 0.994122 0.107999 0.000000
-0.993441 -0.004794 0.114246 0.000000
0.114092 -0.108162 0.987565 0.000000
0.030402 0.133117 0.735149 1.000000
17910.410293
