3
-0.729882 0.017083 -0.683359 0.000000
0.051145 -0.995521 -0.079513 0.000000
-0.681657 -0.092986 0.725739 0.000000
-1.776163 0.084229 3.541503 1.000000
-0.726661 0.022178 -0.686638 0.000000
0.038213 -0.996627 -0.072631 0.000000
-0.685932 -0.079017 0.723362 0.000000
-1.772576 0.072773 3.540016 1.000000
-0.050197 0.995552 0.079723 0.000000
0.717664 -0.019559 0.696115 0.000000
0.694578 0.092157 -0.713490 0.000000
-1.778893 0.102579 3.534472 1.000000
17980.468608
