3
-0.914269 0.040438 -0.403083 0.000000
0.037654 -0.982215 -0.183945 0.000000
-0.403353 -0.183353 0.896487 0.000000
-2.034469 0.082654 3.448020 1.000000
-0.912386 0.045927 -0.406745 0.000000
0.027726 -0.984469 -0.173354 0.000000
-0.408390 -0.169443 0.896943 0.000000
-2.031393 0.071535 3.444386 1.000000
-0.036691 0.982272 0.183835 0.000000
0.906969 -0.044509 0.418840 0.000000
0.419597 0.182101 -0.889257 0.000000
-2.039646 0.101380 3.444000 1.000000
17985.821661
