3
0.999019 -0.005589 0.043938 0.000000
-0.011779 -0.989811 0.141896 0.000000
0.042698 -0.142275 -0.988906 0.000000
0.145936 0.038429 1.245662 1.000000
0.998834 -0.000271 0.048271 0.000000
-0.006471 -0.991710 0.128330 0.000000
0.047836 -0.128493 -0.990556 0.000000
0.143898 0.027202 1.249676 1.000000
0.010924 0.989886 -0.141441 0.000000
-0.998109 0.002236 -0.061433 0.000000
-0.060495 0.141845 0.988039 0.000000
0.153039 0.056760 1.248336 1.000000
17903.083302
