3
-0.916008 0.043125 -0.398836 0.000000
0.041005 -0.978932 -0.200025 0.000000
-0.399059 -0.199579 0.894941 0.000000
-2.036251 0.075979 3.446641 1.000000
-0.914162 0.048680 -0.402415 0.000000
0.031128 -0.981400 -0.189434 0.000000
-0.404152 -0.185700 0.895643 0.000000
-2.033143 0.064933 3.442815 1.000000
-0.040042 0.978995 0.199913 0.000000
0.908786 -0.047482 0.414552 0.000000
0.415336 0.198278 -0.887796 0.000000
-2.041521 0.094746 3.442946 1.000000
17985.420181
