3
0.991502 0.019139 -0.128674 0.000000
0.001736 -0.990977 -0.134019 0.000000
-0.130078 0.132657 -0.982589 0.000000
0.012069 0.122468 0.739985 1.000000
0.992128 0.023074 -0.123087 0.000000
0.004603 -0.988934 -0.148282 0.000000
-0.125146 0.146548 -0.981255 0.000000
0.010627 0.110507 0.741064 1.000000
-0.002499 0.990895 0.134615 0.000000
-0.993661 -0.017591 0.111036 0.000000
0.112393 -0.133484 0.984657 0.000000
0.019732 0.139634 0.746325 1.000000
17911.146340
