3
0.031522 0.049749 -0.998264 0.000000
0.114689 -0.992344 -0.045832 0.000000
-0.992901 -0.113045 -0.036986 0.000000
-1.195743 0.096675 1.344649 1.000000
0.036001 0.054930 -0.997841 0.000000
0.101012 -0.993575 -0.051050 0.000000
-0.994234 -0.098956 -0.041318 0.000000
-1.192015 0.085247 1.345998 1.000000
-0.114222 0.992358 0.046684 0.000000
-0.049112 -0.052574 0.997409 0.000000
0.992241 0.111633 0.054742 0.000000
-1.192652 0.115300 1.338552 1.000000
17947.078827
