3
0.993882 0.015219 -0.109393 0.000000
-0.039479 -0.876067 -0.480570 0.000000
-0.103149 0.481948 -0.870107 0.000000
-0.896109 -0.605896 0.580878 1.000000
0.994563 0.016857 -0.102764 0.000000
-0.036222 -0.869196 -0.493139 0.000000
-0.097635 0.494180 -0.863859 0.000000
-0.898104 -0.617364 0.577589 1.000000
0.038701 0.875815 0.481093 0.000000
-0.995594 -0.007353 0.093476 0.000000
0.085406 -0.482591 0.871672 0.000000
-0.887827 -0.592537 0.592984 1.000000
18039.486179
