3
-0.906573 0.034279 -0.420655 0.000000
0.026444 -0.990124 -0.137676 0.000000
-0.421220 -0.135937 0.896713 0.000000
-2.030148 0.099339 3.443705 1.000000
-0.904548 0.039566 -0.424533 0.000000
0.016304 -0.991747 -0.127170 0.000000
-0.426060 -0.121953 0.896437 0.000000
-2.027173 0.088021 3.440643 1.000000
-0.025478 0.990163 0.137581 0.000000
0.898946 -0.037513 0.436450 0.000000
0.437318 0.134798 -0.889147 0.000000
-2.034981 0.117927 3.438733 1.000000
17986.490791
