3
0.823480 0.021694 -0.566930 0.000000
0.081143 -0.993499 0.079844 0.000000
-0.561513 -0.111752 -0.819887 0.000000
-0.958129 0.090356 0.592721 1.000000
0.825918 0.026875 -0.563149 0.000000
0.077206 -0.994844 0.065755 0.000000
-0.558478 -0.097786 -0.823735 0.000000
-0.957278 0.078962 0.596691 1.000000
-0.081551 0.993536 -0.078963 0.000000
-0.833286 -0.024502 0.552299 0.000000
0.546794 0.110839 0.829898 0.000000
-0.950943 0.108796 0.591322 1.000000
17928.409989
