3
0.628552 0.033106 -0.777063 0.000000
-0.238868 -0.942592 -0.233374 0.000000
-0.740179 0.332303 -0.584560 0.000000
-1.034669 -0.626628 0.682588 1.000000
0.633384 0.035807 -0.773009 0.000000
-0.246175 -0.937711 -0.245146 0.000000
-0.733636 0.345567 -0.585116 0.000000
-1.036775 -0.638539 0.682690 1.000000
0.238711 0.942398 0.234313 0.000000
-0.641836 -0.027958 0.766332 0.000000
0.728741 -0.333322 0.598192 0.000000
-1.022273 -0.611213 0.684121 1.000000
18046.712821
