3
-0.767925 0.036431 -0.639503 0.000000
-0.202223 -0.961110 0.188080 0.000000
-0.607781 0.273753 0.745427 0.000000
-0.747266 -0.712734 1.030632 1.000000
-0.763898 0.039514 -0.644126 0.000000
-0.214279 -0.957026 0.195414 0.000000
-0.608723 0.287299 0.739537 0.000000
-0.746759 -0.724723 1.032149 1.000000
0.203166 0.960943 -0.187917 0.000000
0.756807 -0.032341 0.652837 0.000000
0.621262 -0.274851 -0.733819 0.000000
-0.746110 -0.696675 1.019039 1.000000
18054.140201
