3
0.462937 -0.000679 -0.886391 0.000000
-0.046920 -0.998617 -0.023739 0.000000
-0.885149 0.052579 -0.462328 0.000000
-0.821494 0.142808 0.261801 1.000000
0.467613 0.003696 -0.883926 0.000000
-0.057046 -0.997781 -0.034350 0.000000
-0.882091 0.066487 -0.466364 0.000000
-0.820698 0.130990 0.264253 1.000000
0.046973 0.998591 0.024709 0.000000
-0.478672 0.000792 0.877994 0.000000
0.876736 -0.053070 0.478034 0.000000
-0.812984 0.160366 0.258210 1.000000
17935.134782
