3
-0.886957 0.015230 -0.461601 0.000000
0.011827 -0.998379 -0.055665 0.000000
-0.461700 -0.054832 0.885340 0.000000
-2.050325 0.123010 3.434174 1.000000
-0.884660 0.020146 -0.465801 0.000000
0.001218 -0.998963 -0.045519 0.000000
-0.466235 -0.040836 0.883718 0.000000
-2.047457 0.111431 3.432175 1.000000
-0.010857 0.998394 0.055610 0.000000
0.878600 -0.017029 0.477255 0.000000
0.477435 0.054041 -0.877004 0.000000
-2.054558 0.141209 3.427504 1.000000
17987.829072
