3
-0.444454 0.022903 -0.895509 0.000000
-0.395991 -0.901719 0.173474 0.000000
-0.803524 0.431715 0.409843 0.000000
-0.913875 -0.668809 0.858325 1.000000
-0.438547 0.024914 -0.898363 0.000000
-0.409224 -0.895508 0.174933 0.000000
-0.800133 0.444348 0.402917 0.000000
-0.915736 -0.680467 0.860957 1.000000
0.396761 0.901485 -0.172930 0.000000
0.429741 -0.015953 0.902811 0.000000
0.811112 -0.432516 -0.393734 0.000000
-0.905991 -0.654688 0.846833 1.000000
18031.657324
