3
0.999159 -0.007960 0.040235 0.000000
-0.013630 -0.989675 0.142677 0.000000
0.038684 -0.143105 -0.988951 0.000000
0.140881 0.044076 1.249929 1.000000
0.999003 -0.002639 0.044564 0.000000
-0.008378 -0.991597 0.129093 0.000000
0.043849 -0.129337 -0.990631 0.000000
0.138831 0.032857 1.253959 1.000000
0.012777 0.989753 -0.142219 0.000000
-0.998322 0.004592 -0.057730 0.000000
-0.056486 0.142718 0.988150 0.000000
0.148038 0.062392 1.252563 1.000000
17902.380689
